0 0.130625 0.509381 0.04125 0.080675
0 0.28875 0.549719 0.025 0.075047
0 0.316875 0.653846 0.03875 0.106942
0 0.37125 0.653846 0.0525 0.08818
0 0.365 0.469043 0.035 0.075047
0 0.3325 0.503752 0.025 0.073171
0 0.533125 0.512195 0.03875 0.060038
0 0.60375 0.497186 0.0425 0.041276
0 0.608125 0.618199 0.02125 0.061914
0 0.69125 0.513133 0.04 0.076923
0 0.71 0.448405 0.03 0.04878
0 0.5725 0.291745 0.0325 0.058161
0 0.89625 0.547842 0.0475 0.078799
0 0.956875 0.482176 0.02875 0.090056
0 0.781875 0.258912 0.03125 0.045028